Age,Income,Experience,Target
55.43360192379935,2291.048851734308,10.97051800520682,0
59.82690983945514,1466.0985392104035,5.684675668979243,0
31.591257686683548,1947.7753907312642,5.829731000723821,1
44.26337993119763,2658.5575336699326,2.6488107887502967,1
38.75357908162131,2278.11500470033,8.075863836825105,1
59.35678393147461,2499.15544907398,5.1906883988826165,1
40.10395179741419,1776.3390521706244,7.806739940250381,1
40.92436337958402,1066.73169146347,4.490088412892605,0
56.32931817755511,2130.16091938561,5.388215261906716,1
42.16746707663763,2594.73524446232,5.203712590523973,0
45.60268941725825,2073.3965059927746,3.728884317191193,0
50.870470682381715,1221.7090506701245,6.231542299542284,0
58.231705839619146,1522.4387103253234,5.381271182530049,1
43.47376020697609,2097.3680973593873,8.974551998461616,1
52.43800713771199,2542.8931624696734,1.7210316749491317,1
41.83064329012764,1852.25984098542,5.574657808806019,0
51.13517345251248,2066.770452391141,1.5483865424188066,0
60.44160877069072,1703.767870423553,5.915373172107104,1
51.220098146453616,2371.063745535946,3.3913684806800153,1
48.698569456323156,1906.514348507277,2.79969153405661,0
43.960148132841795,2613.4666119421536,9.17688554573985,1
52.766907993300194,1623.0177055666618,3.329714196739954,0
54.979982912454496,2855.8542400711717,3.903425407018798,1
50.48084946661382,2771.6217641360945,6.213701186431342,0
55.70890510693167,1378.0683823043573,2.499184532060565,0
56.33919022318011,2819.558402722034,6.461528238133049,0
45.79354677234641,551.8723109031553,3.1958968912849794,0
65.0339830176715,2362.5478934239986,4.754582132808552,1
50.28744822934817,2586.5623187933206,3.8603341435224827,1
43.080919301187556,1985.3685931575108,-0.9822719418014465,1
35.51915658502676,723.0394325490226,4.042325087983191,0
37.69135683566045,2350.5863711554493,2.06494946849512,1
54.714683571359956,1280.8610108413168,6.578113374751037,1
36.172002690356635,2296.2634746005915,5.680102589137781,1
50.245101742589426,1913.5269700382885,4.688203644126665,1
50.58208718446,2111.9570670323305,3.717026181911381,1
46.251791924504026,2100.57982793642,1.9288557535857884,0
51.81866255058495,2214.4082501652865,7.192938467621767,1
46.06661187672639,1833.0902551219951,4.151527333203913,0
59.75545127122359,1814.692833956947,5.387179822735089,0
56.24119817052155,1395.1526285794462,6.391075515131555,0
52.96120277064576,2039.3175951580454,6.340961234482425,1
58.2541634898803,2695.103774508657,5.460141518382804,1
45.538165667852205,1990.6456217770512,6.822725444349444,0
56.29628841923612,2160.8489030980068,1.993839396480364,1
43.99783122841205,2196.658919697186,2.702411929682688,1
61.950466289248425,3037.0413348749867,5.183504968896746,0
40.77834675822375,2687.4382095740925,6.239422891932272,1
49.44452301103381,2367.438893024909,1.7868457985226414,1
40.016459592612094,2054.2798528882618,8.251917830724127,0
50.184183791895514,2397.1323398109134,5.076475989920056,1
61.88393273448084,1597.0649667519056,4.6253419631872505,1
49.404746439382,2038.0026957062057,5.8085895099233955,0
35.214137542201584,1632.7042116009754,5.561272808980273,1
35.75251813786544,3071.135179305932,2.382359201761776,0
43.98293387770603,1871.3117312883273,6.614245193274621,0
57.25766623898692,1624.1044749524078,5.163991112827121,0
45.365823071875376,2658.697032817163,1.7848802712620517,0
31.32734807408252,2154.9103551135136,3.7049163887296817,0
44.82711549899628,1934.3715164538476,4.442233211698487,0
58.995998754332504,2459.5382414938845,5.836796441777367,0
60.30999522495951,1724.84742307729,2.30825815305357,1
55.298041779152825,2830.629607273935,4.5659658991512595,1
88.52731490654722,2874.7883715934695,4.998582810846708,0
54.13434903223701,1758.6282389089838,3.751309220573552,0
39.189366724001026,2435.648648728622,4.921385424744738,1
49.672467297840015,939.0725504957027,6.194456436506769,1
52.85865390724905,2516.2731021708287,3.3228284031055377,1
53.61395605508414,1976.539710560408,6.930794969182341,1
64.41568620657901,1771.451871706864,4.38303442308836,0
51.74577812831839,1473.292218413172,6.276783851216766,0
41.38715798671736,2092.2756515985184,7.887264006937628,1
50.715662372193925,1463.9304940071966,7.474876269368279,1
37.204230332642986,1915.5891384049946,5.9265770602362124,0
44.106352430557884,1996.9645442300534,5.1706362851300485,1
43.77300480179406,923.5547035237585,7.844739723397016,0
47.31111309445169,2097.192150788668,6.021584177055189,0
51.96861235869123,2523.5491513060774,1.4618481902217635,1
41.43916174091133,2043.0719415231874,4.87295085076929,1
44.0842861116417,1995.4405016778983,4.633606762559224,1
62.71555094994159,1784.1898436409758,4.473103567835501,0
49.27989878419666,1352.659262139547,0.12236568344714183,0
54.62103474263271,2070.858456819952,2.828349742229629,0
60.03532897892024,2580.4133936892595,4.731441675627392,1
53.24166352488442,1695.2438989203583,3.8833964921079387,1
53.71145873371309,2383.040139192345,7.042766590858797,1
44.28821010217203,1918.4665180281181,5.668352834489795,1
49.62365297575152,1732.3359070230385,5.735298585982843,0
60.536417966078396,1084.6835515717717,4.698324576866609,0
57.91662693962936,1927.9562221391923,4.225800595051198,0
28.76104275690193,3078.654106632752,5.687575763099771,0
59.551423205012384,2851.107472317619,3.3363555835391105,0
43.37376241054153,1886.7579505750841,5.7349633309486086,1
45.14636452170897,1582.3264733701212,9.199443578333032,0
54.59180079228437,1623.9217972047084,2.407766671500211,0
66.28615545571292,1875.6544369082264,4.737054808656664,0
61.49273326285676,1876.9687559350257,5.506330476075963,0
44.70239796232961,1870.4789270896486,4.093503181953973,1
38.037933759193294,1130.1431106109503,4.793556494135007,0
65.79572145730712,1454.8004612785771,7.4937834310694384,0
51.142276486620396,2165.9901652845074,6.251016033662071,0
64.75356216949552,1099.0097812099903,6.234011899153395,0
39.787671828692865,2126.869830747287,3.792038748061541,1
62.669111491866225,2836.286193418852,6.773774780194601,0
33.451433281342304,1798.1757683790017,7.143086304469771,0
47.54256935914056,1468.80323592656,2.8207339253152233,0
53.37602662075202,1886.7605540492366,3.263414536247267,0
54.47708560017315,2111.61945706458,2.7874129751767316,1
47.54611883997129,2297.377170832643,4.531960281786037,0
51.86609123156358,1689.576200874442,6.337309609515813,1
52.59722501721482,1755.575289106863,9.113087129659082,1
46.37161439560341,1674.9987095882702,2.18962030639285,0
38.416353108074574,2256.5427100486463,3.0799074094410726,1
52.67050265869259,924.0922993353474,5.9641334546707725,0
59.15402117702074,2515.141727015921,3.983719604705378,1
47.305931655554424,2430.236744179873,4.952895698251524,1
47.76537214674149,1505.1859317148312,0.5762761773409864,1
34.16097176514277,1613.5611660881955,6.086958757340186,0
43.48163892197841,1766.9817490658788,4.165266372789831,0
53.57015485965047,2040.9146792737824,3.3391111868868695,0
60.666746895891535,1781.8070547367156,6.536414433263475,1
63.68631557532349,1016.8217053119992,6.0285095120356695,1
53.991361143520706,2423.710838575211,2.201387650396117,1
40.730695284219166,2279.163456260861,5.873477103467019,0
51.86454314769428,1723.2058791460026,3.0921211612067103,0
45.79015519179737,1864.4381994787157,6.848540279075659,0
72.70692857804396,2030.8399249239858,7.4471377648372545,1
56.69672548830039,1674.3215531040855,5.526974430662119,1
53.34456789987025,2563.3525684137917,3.2266381554330854,1
59.382838059759976,2950.5953428765038,5.367669032645009,1
53.77300493044852,1635.998529385433,4.01619510498759,0
44.690030449981826,2213.5971809358425,3.921754593702043,0
37.52216818035151,1293.1427515475098,7.385015024955949,1
47.18899707114045,2535.075119158214,5.154961037037725,0
40.956833748955916,1440.1912833554943,2.7382231293481687,0
59.31280119116199,1664.1883160309742,3.361484280557004,1
57.910319470430466,2552.762966478992,9.825230843225832,0
57.589692204932675,2623.871036336867,5.531756459304097,1
51.10922589709866,2218.161834837016,5.36769908950739,0
49.64173960890049,2038.4109455301277,5.177315181922875,1
35.214780096325725,1913.6863500295901,3.355160135235599,1
43.46670767426288,1615.013384470679,2.3393727485220204,0
32.89831607343375,1870.2266612080414,3.988506591476127,0
56.62130674521047,1923.7650818097281,3.64487069532869,1
61.692955904456724,1945.1950980370846,5.430793010912576,0
49.047044676130476,1099.4711329236306,6.371015477580408,0
48.13128355838641,1758.4694741582803,4.7664681684095065,1
37.997035929442234,1675.3612274669965,8.234425149937248,0
72.9889812361925,1887.5720090959608,4.902205633051789,1
55.95157025436914,2264.8463771783654,6.557873007024228,0
34.96857046881894,2226.185898124867,3.6958222228138786,1
38.08696502797351,2490.882743495797,7.563287590007537,0
25.761206733710434,2473.763231061429,3.3073680450685283,1
32.41260513576886,1861.5933500555398,4.331845538040119,1
58.724573282801444,1804.1757162891045,4.067009241543604,1
43.00274492007414,1895.4883713569873,5.9644979053613145,1
47.97807347566106,2237.3491164399766,6.775310851747673,0
37.488864236146966,1661.1275147375743,2.3755616131371875,0
45.2082576215471,2385.8493553241724,6.701795924335944,1
56.81891489626312,1986.7971215205364,-0.4950096854504693,0
44.89983601145253,1495.1346476450312,0.5062213320307896,0
67.7080063563551,1912.0570937838318,5.909481824282269,1
56.96206364813418,3294.781821009307,6.804554347573294,1
68.48956094945345,2289.816586606788,3.184487639706159,1
46.122984400640156,1168.7540059821629,4.384383057722232,0
23.490301916069882,2420.3100132522763,6.104599875359046,1
58.1286211883896,2133.6961570359513,6.300900185072278,0
54.4426331148604,1870.5475131479614,6.224937588027204,0
63.05478807154329,2005.1763099216903,6.3318485041089225,0
47.8231879677278,1987.486520627428,4.358664748885617,1
65.32738913002578,2289.6457498005443,2.294659428312931,0
61.195749114345766,1781.270849838295,6.385837246063222,0
30.812287847009586,1904.6587996183266,3.911771995771615,1
50.26885838994531,2215.9612723369705,9.823353351156843,0
43.534271157574736,1290.8171335334841,4.225738700420971,1
54.01711722098941,1513.4655295592222,7.2253767499798505,1
34.80630034045987,2613.8344962366464,2.495213111173762,0
57.74634053429337,1972.115461171147,5.397896293592989,1
50.96120776940983,1645.7966165447685,5.699600049135815,1
67.52270443423623,2760.6580259612256,1.8703944572758897,1
65.23124077269657,2771.054976283938,2.4869862114414873,1
62.46085192497629,1880.533950415153,3.6064563631408504,1
51.83342005738352,2519.952343698038,2.3479046278359235,0
33.72457562116837,2942.2931529673046,5.840188980903682,1
54.92451264008149,1486.162429537021,2.805394944734312,1
46.77938483794324,1386.1960924315038,8.098040302990375,1
39.97470635362191,704.4788539275451,5.522501062467712,0
45.987795281141636,1920.735213486515,8.067455419833,1
56.50201177958661,2134.5634706225537,6.280959590401648,1
35.93338903151778,2500.5230462835707,4.591057558027757,0
49.54413983644502,2563.0251253860843,4.62620768367603,1
47.18215391139493,2009.424811472424,4.266985959263897,1
50.13929291912946,2084.2304881348073,2.816132199209374,0
38.57029702169377,2682.070214986922,5.975744569742148,0
56.51391251305798,2447.4621884722205,4.095819334333839,1
51.20295631711899,1838.6600805789321,6.622793108983184,1
50.75804558193726,1893.278564534896,1.9642525066383811,1
55.150476863060476,1298.6973641001532,4.373883938953691,1
38.74510952701623,1961.081401493599,4.986957369541084,0
50.91760776535502,2750.3798953171554,4.721107448638001,1
47.083062502067236,1488.6037174007972,4.0167276287359055,1
50.47398671316414,1202.6484663666024,4.409820171524188,0
46.904535606860094,2969.4644995291424,7.862733563662367,1
45.67441812180379,1598.4105246598276,5.006751013194322,1
65.50500492814076,1428.136896339669,8.808273179146013,1
47.30125064706629,2309.5771305025987,3.7865994104694067,1
54.12780926936498,3219.8762031696365,2.9698116163442627,0
45.535663854494715,1915.9280907076052,5.196135079077889,1
55.38910043684659,3003.0464440795613,6.626410373495954,0
45.54497478599228,2084.327335983364,4.895191098845061,1
63.56240028570823,1440.165052686928,3.8344826847768356,0
63.07142754282428,2687.8534066558095,5.101775403712036,1
34.76813095216225,1540.3077042067882,5.504480792853355,0
44.771399728467316,2705.466189873135,4.875991981267936,0
50.59218434014488,1852.2992949304853,6.709050454133232,0
41.02745628514168,2609.380925848658,4.856801496283866,1
42.871542173228356,2648.4972732805545,5.926412584198246,1
54.049817109609556,1222.0521768981862,6.843300223848919,1
57.46253566027221,1436.6162655450973,2.7398613219192844,1
29.18070592116278,1933.6831268087133,4.297171528572535,0
51.17327383308782,1550.7660091044813,11.219837112010723,1
60.29155637325644,2399.970950971025,8.974122223398883,0
31.104592690544692,1805.740773455557,5.211507582542961,1
32.36959844637266,2690.0456770737255,5.310381367717958,1
48.328819196831454,1870.6019686664488,0.8317741210028231,1
56.47688538100692,2029.815184960087,3.415160158000077,1
25.283554998727105,1698.8939698191098,9.853432972691046,1
53.10907565598005,1414.9434869703202,7.119872768093243,1
51.910990680199035,1946.3489279978855,1.9656526066566418,1
41.39586634716048,2256.800053284858,6.951633438689418,1
45.289616943816775,2474.7770677206618,0.6933141602575112,0
39.983799901050844,2175.7241037707913,3.096163079955529,1
40.44459559399574,1813.5834239541166,8.438755812414593,1
27.88864690992115,1982.1792588512583,2.7760659484516728,0
39.422890710440996,2323.5979698513706,6.010940318333254,1
68.52278184508938,1165.7079630612052,3.0529076005910625,0
52.16458589581975,1315.098510210461,6.581251198325537,1
57.09003757588512,2322.6077929750286,2.8868847144794945,1
52.14093744130204,1699.3161780243931,9.048619246573704,1
43.22838288487888,2745.363068424976,4.285941598386781,1
65.23029856408026,1676.531611147213,4.384076940721919,1
36.22330632042909,2024.4300351628522,3.0871272463639823,1
44.23228669431667,1958.6596570786503,4.7490914799942,1
50.297561394957455,2010.6558243359711,5.6022146783834845,1
62.77664895788425,2014.0905786845642,6.2134461182723655,1
49.25554084233833,2957.015676933393,6.206374862164687,1
38.16741487334225,2153.7033489045502,6.1292118517872005,1
47.009926495341325,1785.9424195170436,7.407768874337632,1
41.91506397106812,2190.9677261157767,3.898926301016833,1
48.482149049644164,1081.8973134483517,6.566781018565191,0
64.77894044741517,1839.1824743913087,2.1122903677329163,1
29.582651315757094,2377.1456649067873,6.204236640784967,0
33.39039066484008,2670.2252230115723,5.362853240227943,0
63.82158991037527,1955.8185203973323,6.016537279349179,0
48.85460154747382,2600.2069539722124,5.414534658797888,1
70.9238727568546,2243.250821913101,8.348984866695075,1
57.51387123371789,2927.046283167094,3.297187131479373,0
56.078965097165394,1606.1081240458807,4.648872109001569,0
51.32969674146876,1463.6284871300968,4.610605407766637,1
47.6586304305082,2196.742692710875,5.426587414745877,0
40.21627222384968,1825.3416019409012,8.370028557417019,0
47.79030400466777,2294.2892022103047,6.774581674533485,0
52.610552721798896,1000.8996577339461,2.856285533919689,1
66.32411303931636,1944.38696932565,1.4428248319869663,1
47.11341361079862,2195.9020027012734,5.286776934684502,0
56.5854427267283,1454.516784892401,6.06963467269182,0
50.28318376130461,2538.003569299299,4.280740655095075,0
41.602781578192236,2338.9629356696346,3.0724821475787785,1
65.29550319460614,1576.8216725045631,5.926369590535169,1
44.00607354555978,1756.0442959271486,3.0856981702099144,0
49.92027358683383,1724.0709270537766,4.972324507811526,0
61.42822814515021,2100.549523357484,-0.124667317590621,0
53.686733088729014,2348.477202255368,4.908975509397516,0
37.391160456649544,2165.4401161072287,4.744901759244931,0
55.70598668593159,1520.2803816382602,4.372940627655204,1
55.42560043585965,1732.382394219716,6.875140275253116,1
41.16142563798867,1990.1811005366594,5.851774412386072,1
63.55637858804951,1600.4039966748733,2.6206666818192774,1
53.57112571511746,1825.3711478407856,6.202413497858229,1
56.10585745283823,2380.027981844801,2.915911175513794,0
41.50155630535208,1816.4860804583388,4.594038725208685,1
56.81500697372624,1601.9870715982556,1.4282670161317776,0
58.52433334796224,2814.198311564269,6.372636913913402,1
47.918777496427246,2194.289302265482,8.477799327595157,1
61.35565640180599,1653.5474011020465,6.209030652710734,1
51.50301761461878,2095.249839889533,6.770462965977982,0
41.727690564476774,2091.6799598895777,5.817305622961341,0
39.40786478111048,2010.6357883680307,3.618917895367481,0
39.22255222070694,1926.4989991857558,3.7991528685225897,0
47.5876394214367,1113.4837658965594,7.411989033093632,1
34.74474829075261,2188.5501969510933,5.170418899267802,0
49.60444846143345,1840.473032166691,6.1462556264824,1
69.0941664047013,1724.4071418357332,6.9363693210657225,0
48.8767195030917,1709.7382750976385,6.738312128778547,1
48.91239851543143,2059.7901842070764,1.9552816275642178,1
44.69498852389472,1402.0584689824077,6.366657985622139,0
44.97945775647389,1248.5148358024235,7.945341351501964,0
60.58424486849588,1889.373188207114,7.248706719741005,1
57.67434729152909,2317.585900840985,3.3658227378636187,1
42.85648581973632,2504.908544671317,3.767277183921045,1
38.702931453423815,2886.125798334872,2.482990178649331,1
53.840654489393074,2331.4406343337064,8.499167808410842,0
33.93553679742428,2863.4819256167025,8.985030706336236,1
47.51035851520926,1817.5236352285574,4.541218511863945,0
49.25566570899954,1785.34888774137,4.876471600279742,1
52.43339449322692,1974.3031382057568,1.7390535125697197,0
59.75119733417751,2074.3337286010556,6.780766327039572,0
52.356145581085656,1192.4340920472453,7.928354477504875,0
54.40014450053332,3322.1716735085174,6.752093585059589,1
39.91913689082596,2257.9696088520495,6.3022724836473145,1
60.375399442578995,818.5337822290808,6.696861764410569,1
56.38592458777374,2070.443123455602,5.947264153622909,1
45.847120860991986,2574.3186747143577,5.778318391335858,0
67.54794181984364,2949.940967447608,5.047806086569911,1
44.861330826633065,2619.141535716818,3.432468668827207,1
55.040465155178445,3300.8415570901975,3.5684800217784964,0
42.84696290740032,2481.9395583974547,1.2669200972787675,0
58.576596232020194,2270.731364102394,6.367138646400955,1
44.60240319690639,2183.6436567006704,3.515031534923232,0
59.54001763493203,1640.7963672154012,6.764666124646818,1
30.124310853991073,2425.1108710567464,4.099621470297177,0
55.21941565616898,2797.252531612486,4.793490479701905,1
57.472936051232615,1912.5201216522958,4.232057456095297,0
50.557249122886944,2033.9277552637016,4.113911957743035,1
47.52481364448495,1981.481601475794,4.517005108258442,0
44.07606075761131,2348.193723728358,10.898188850617451,1
52.44966571108723,2218.469084873175,5.984037695985599,0
35.77746290402326,2466.295415936545,6.719175773959604,1
49.032868881296075,1939.8094180232008,8.064735449356231,0
54.73592430635182,2226.76715075699,6.1836282674827565,0
35.91538703636441,2554.8499209781116,7.047419092213962,1
60.9877685198719,2408.8831496001435,8.590422711824644,1
36.518145778942866,2369.4052404437516,2.882184825886799,1
60.94191518470949,2426.3868375611096,4.041014065201513,1
54.96714153011233,2699.677718293001,3.649643450051237,1
56.81952971294964,1467.4431684623137,6.677881000939225,0
37.19570647503717,2336.2868506013656,5.2897756661937825,1
47.96954613957007,2150.895949909733,3.8704519916581157,1
36.20680771985473,1845.9828579071293,0.8259459627958625,1
49.33920201352684,2161.5838570923906,6.111025292684497,0
53.112501545435364,2209.766221953514,7.906521326642069,0
45.49934528520756,2498.023842902908,8.346904180597074,1
49.228982905858956,2052.100551975938,4.360304953490312,0
71.90455625809979,1426.827303490656,6.09423823035042,0
61.79440120721287,1817.3392243439457,4.833124060419278,0
70.60747924881987,2269.1480395248163,7.094635413242896,0
61.67782061659807,1561.0087066217195,8.741930350743564,0
62.78451862607299,2184.821096099047,5.659017471146019,1
50.9707754934804,1964.199370292968,5.65348952920464,0
44.359213692632714,2048.991576735448,4.215057787878254,0
41.42842443583717,2696.0011431722996,4.285109154379145,0
40.18491348952049,2606.548849989592,2.8255081222743947,1
56.48709887589643,1814.994485058936,12.852475412872653,0
43.54880245394876,2173.251940865358,6.852430804483185,1
45.06999065341167,3246.4997587163953,6.957716101563591,1
50.68562974806027,2210.9603771176426,5.03923331538798,1
41.710049890779274,1665.9547731784755,7.103895235445837,0
56.45375949585147,1477.5954029894833,1.9377849948885557,1
61.581108735000676,1530.3323030906229,2.8165982477213714,1
52.598827942484235,1913.464087858065,4.55359549073039,1
59.71570950954356,1580.3951663304967,4.913046100372275,0
53.38496407494414,2100.2845986154716,5.744210945213726,1
65.4993440501754,2482.0435841441786,3.852796454206198,0
49.37320902726828,2154.416506299482,3.1676161690375153,1
59.63376129244322,2511.28521600482,8.161081373136748,1
43.99361310081195,2306.7589863652083,5.419318830549251,1
59.7255444962673,2097.3037276186215,1.9027634022725066,1
37.542612212880115,2159.8909670712683,2.273651990814379,1
59.5042383818605,2016.0020745328834,6.780396822249574,0
43.62612872693482,1403.18158412176,2.79027441387496,0
42.4626383564251,2426.707779390154,5.932716748892669,0
56.06009951345639,1879.3711726907288,7.090176948169507,1
52.27459934604129,1851.218248320004,5.329521682473033,0
53.41151974816644,1968.703436050239,5.303515984497481,1
65.79212815507391,2447.596610013866,5.002410950724449,0
42.742561868465344,2119.1844913673926,4.406785081860403,1
80.78880808455239,1556.25391109895,2.3227884005535024,0
65.64643655814007,1358.5038879057151,5.394631414811191,1
46.92221765046999,2866.257499742546,3.929329825967554,1
51.965547765115744,2448.419657932766,4.357514467764177,1
43.38213535231612,2284.4915395926378,4.185927374146439,1
57.8182287177731,2007.7895237907337,7.979726877204165,1
52.715788371953735,1919.93360221668,4.174004355713132,1
71.43944089325325,1598.1627160151347,2.5776561414384376,1
73.14658566673509,1406.2007904852435,4.283319695957555,0
42.99879185060827,2119.623432055575,4.871623645783004,0
59.26177547531641,2389.180538083319,6.141225994439062,0
39.37696286273895,2806.8556345293237,6.34572247193364,1
52.08382807947552,2400.204762613841,8.032788110507145,0
56.21809962217196,1628.764707150976,4.01769250571579,0
57.14000494092092,2470.385593994108,8.066867402592651,1
51.7136828118997,1770.55786856553,4.181435123773792,0
53.26133022242118,1499.8343376972125,7.163533455345657,0
52.57550390722764,1688.1155196520974,4.3427630485020305,0
58.303358165442454,1586.20488967564,3.399922871204707,0
41.607824767773614,1987.2229645042773,4.047558252910682,0
56.228499323474985,1621.6024557152696,7.680922103580696,0
29.325578999601234,2090.5107793518537,2.4154746097887627,0
51.84836123694874,2476.4372736014693,3.4834358622248196,1
56.4084286126701,1559.0626743861412,2.5164788490367513,0
44.556172754748175,2863.7715850503555,-1.0390243116416507,0
57.57507710047305,2197.3357649114905,5.075875670895204,1
44.23108130476851,563.8688933591754,5.109868221999697,0
33.3847993773104,1115.780317218574,3.147237740036923,1
54.810092317367136,1786.8212018972283,5.914560809230482,1
55.93101257968384,2063.189789773206,5.66771993313707,0
44.410781527284115,734.8562386268352,4.767541913756084,1
54.12931454275624,1805.9115907293856,5.014126317256353,1
46.149177195836835,2197.9017667187045,3.2657395685781996,0
41.36009230320184,2477.652604285255,7.4893591614735735,0
55.009171876243805,2756.7248716210656,5.171786012586661,0
60.73631749859772,1010.3500948121061,3.5623352247825393,0
36.64655641289899,1958.4472136856525,3.7004695463034656,0
47.4743184860684,2084.680412018039,6.360432210900899,0
58.89630795623437,1640.4233403787898,5.737466294635039,0
52.11017467202618,2553.5403346434864,3.363142668115997,1
44.75479733720226,1548.149069634936,4.341104427305817,0
39.95859233247932,2476.5683169566228,8.125777537016395,1
50.99332305429226,1487.9065878353977,4.540400738849613,1
40.60120213672645,2293.182009377547,4.531184399367356,1
40.91975924478789,1839.8263459028399,6.2708360604184525,0
61.03301882016521,1954.7333588479196,0.799946984696752,0
52.03463635867223,1800.1819071926989,3.466686824433304,0
31.292080789741444,1218.7270715567288,6.716902233313331,1
57.17542255795962,1708.4612807155308,4.651291484194329,0
50.12592400781795,1533.366020463402,1.5852840848141065,1
44.81729781726352,3038.3739917804205,0.40763809372552373,1
48.14341023336183,575.7286896849623,4.725256423201206,0
37.10039100258946,3031.262459621573,2.934952192944921,1
61.63163752154959,1453.8436176637106,3.6485838416767766,0
30.479122004774982,1334.3835232211109,5.924121786503793,0
55.193465142411725,1992.3450754135022,2.941256983635857,0
49.80983792097311,1711.7447996366402,7.423887970772801,1
48.929696400454425,2376.670810552266,3.839893517259914,1
50.69802084990019,2096.0245582450157,6.332625001818424,1
52.41962271566034,3037.630436312633,3.4617153004254035,0
39.29107501938888,2459.1583030011566,4.639216636475185,0
50.97676098548832,1778.358874404245,2.7669511201026817,1
44.69131227079679,2807.7914117741157,0.7585996947298677,0
51.292211819752275,3596.5537839224307,6.336680977436162,1
33.87284128810349,2206.899548725749,4.637551653563794,1
53.269273737641626,2146.7789660833146,4.400646703986426,1
51.28104414910789,2296.778361140431,1.1754900491604463,0
38.934740912583294,1823.4168535946558,7.061161171248115,0
42.03104744529523,2234.387128037512,5.865919650721392,1
56.32781866106285,1492.0890905108015,4.89375869396491,1
45.7311893005258,2514.9804087905804,5.62261734688577,1
50.13001891877907,1153.5215929023072,1.7846779457638826,1
51.064302276918966,1988.5659688505589,2.2657243870795085,0
46.28559134004209,1538.7949077507487,3.9223162876145237,0
52.48220586300336,2346.552803631572,3.748645425007575,0
42.69069960058081,2389.8302661346697,3.830764538685601,1
68.31458765854353,2068.267665541369,3.699952131186204,1
41.7931768164829,1177.300626521554,7.2802980770425325,1
67.65454240281096,2116.8929558953737,4.621759218445933,1
39.87895624739832,1832.6123339467294,8.39991474915276,1
68.46707325736034,2140.0805794098032,4.000539647696739,1
60.91506851922462,2273.3667841006895,6.251261867292001,1
42.326524371119504,1895.338161424067,7.896998459785852,0
34.65885829264378,2227.9438860408036,2.7549103875111722,1
23.802548959102555,2498.13340972357,3.7646962091312997,0
74.63242112485287,2247.840943986302,2.9956250884370546,1
45.55706739923888,2010.396853837704,7.4001579128537225,0
63.29152530132431,2142.7770374288284,3.782820553520599,1
41.01585328651642,2229.9860714695583,1.3076242755238123,1
48.387142883339905,2554.0914083687585,2.6211762142653443,1
48.076390352188774,2075.209452571788,6.4816486908402515,1
51.156746342928585,2134.2961394316285,5.681178432800993,1
31.95117899335481,2544.374309852093,5.965375774418425,1
39.64757677580626,2190.579192441389,5.478809001070754,1
55.14438834058749,1874.5834917724762,2.7034734224947634,1
42.979469061226474,2363.81477181849,6.244414288086804,1
44.44800473306802,1385.2252027737916,6.738309184993793,1
55.13267433113356,1901.8250754575108,7.904935068941491,1
41.745028032074885,1693.29866822953,6.001331442762419,0
47.79035826170336,1679.2592023885238,2.7395925506521523,1
39.7348470058894,2373.955128058767,6.490010625754563,1
28.011940433799182,1947.0258228479322,6.9106011164755055,0
68.76795812558066,1523.3356958706438,4.630949284688301,1
53.33662105286948,2451.9674205430974,5.1160454696167905,1
49.44415329089545,1218.4045956516716,2.724628659150367,0
46.078918468678424,2366.3200386077897,7.078223574840537,0
45.34270246429743,2098.7998023461996,3.4745504428675718,1
32.868654709091224,1326.4368552351516,3.1562803737493734,1
37.889838002375434,1926.1987068506658,3.162626977027811,0
46.98896304410711,1980.7457652496464,5.304709744067444,1
48.843517176117594,2539.3404167156477,3.951823204130815,0
56.2834550926428,2299.964364998102,6.698204221486288,0
68.96792982653947,2281.95456002618,2.4848442821707675,1
48.09661321916392,2604.1831152965715,4.440479663008331,0
44.823887009638284,1718.915986710849,3.1269872504208083,1
40.21236284217693,3028.7477348558496,5.4225673845589455,1
54.93317900880889,1931.275742686154,5.390049968056253,0
35.84629257949586,2499.005054929826,5.752819052195033,0
40.35076539419896,3028.103564970161,6.144114883428288,0
47.35343166762044,1505.7044464245414,9.04721243845928,1
36.95530499495147,2199.8439758763207,3.9940504588973136,0
65.51151975522524,2028.5065624485424,6.1029525504790465,1
48.2305277250595,1447.147665757032,3.7253845059424107,0
45.10560557481778,1382.8255640600391,3.786269644285649,1
57.21672064043235,2201.8650451683047,6.358285550876391,1
64.53534077157317,1950.830186602625,5.369481157791449,1
45.30824347895295,2092.340152932454,2.10070956060294,0
52.19150327663939,3115.650073096316,5.716907236419241,1
37.232514241796906,2335.670038225233,3.1466033823053783,0
56.42722759867544,1972.5529996918567,3.3509716769446527,0
37.778721911080545,1410.4801044200988,5.670116058168235,0
44.74244978319239,1697.1425384983309,4.902695296859098,1
53.42725346377704,932.1628930106522,6.864383128520769,1
36.48315394383666,2338.9376597654536,8.146039450429713,0
42.92330534381219,2209.5095046830224,4.158476412637894,0
60.0629280921444,1415.041582144856,2.508565247107231,1
48.52942618497861,1831.4570144409804,6.1504100322131325,1
44.37712470759027,2098.9553917313237,4.612347722454393,0
39.93982618500298,2032.2372074050602,4.988807962341907,1
41.41642219818787,2806.1391289943226,2.7387693301249474,0
56.86260190374514,2316.8884404660494,6.4883839429998735,0
77.20169166589619,1448.2053413921144,5.013599689119996,1
49.5228864385802,2431.1967361913794,5.577447325650047,0
50.67528204687924,1987.8227038695086,7.7213171916773025,0
49.8148686400761,1726.8777758737588,4.261445721507593,1
47.450227825791444,1500.3488838525445,6.696348425333336,0
34.84255885002768,2405.404136579891,5.96775330237608,0
41.77779604433569,2080.286990524932,6.3976568404050695,0
29.607678222398995,2407.8686062696484,2.960671322615769,0
48.44322764607921,1898.1631249115171,1.24015122972191,1
42.32202434895871,2143.562082600912,4.452013836341392,1
60.53802052034903,2271.649014518194,2.4134540842576726,1
33.07535370285181,2242.366408647237,5.593151090281523,1
46.723378534022316,2025.9729429036497,2.7223337644384618,1
53.944521423782966,2746.344284479761,5.655642345686171,1
53.61636025047634,1766.1493993440542,7.84549627219988,0
68.82024496475034,2459.6144672876017,5.167653255858722,1
71.33033374656267,1607.0052697460253,4.071191475381225,0
51.66452208213056,2079.9281959987,5.433551127525258,0
65.02357052096028,1916.4391431067943,5.4506158440818835,0
52.322536971610035,1338.4551032962509,5.461401811437367,0
58.21902504375224,1753.1217084193438,4.3678542879459,0
51.958452550976816,1888.267008814074,7.4617490263094695,0
53.66598246096848,1735.6916591251215,5.588448258026988,1
41.532062819315954,2275.026049512276,4.141511159402676,0
35.6413784882056,2304.5690604535885,4.025542871772895,1
29.74857413342393,2838.8504070382205,5.028546135672868,1
39.18451996385605,1119.5955940096121,4.909177564135524,1
38.31321962380468,1971.1906014832073,3.0113012507829753,1
49.00824136220617,1828.4038622512949,4.618993788004377,0
47.6105195313359,1641.5888396985974,6.097767670634729,0
64.533844771177,2220.9703247847046,8.408211032510982,1
45.223425532348834,539.3247582526963,4.08539668982642,0
40.09463674869312,2151.3177326195164,2.6383743693823103,1
49.65288230294757,3201.7077926191378,4.542800169319963,1
63.66874267444525,2007.3440973645986,2.2379107936924503,0
56.15935606944264,1327.0101598766257,4.731006431196534,1
46.907876241487855,2586.3645096296823,6.748778361425455,1
67.95877673095522,1125.7340133809096,6.362719020885896,0
52.49383683710755,2319.0255507203788,3.5380874485690534,1
42.26990216144534,1557.5986429865495,7.471623240013877,1
45.599555133030165,1632.2350287051167,3.991640337984657,1
45.393612290402125,2326.16143920671,5.000414129836394,0
47.86552848288153,1887.6172990536581,4.215974720161741,0
53.85317379728837,2220.2373689801993,3.676035644406782,0
55.72582781356159,1627.5486775967754,4.6894819023505026,1
49.65315112613219,1693.781312679781,4.513232041249964,1
52.56029734313876,1473.158790426823,4.329724437657097,0
39.756123586657104,1539.663203460317,2.8578926407019023,0
49.10879960487212,1351.5840260220766,6.379415610490389,1
42.22183312409125,1838.83976539433,1.074748616654842,0
49.79098406035852,2268.254921785202,8.99133497956793,1
52.436872114919126,2001.5230100767071,5.841945888778779,0
43.2360769794073,1901.330789846337,5.7050099367137594,1
52.96984673233186,1576.519325840836,1.7136223776916655,1
55.868570938002705,2816.715766150548,5.044931785624093,0
58.33922154548904,1845.3954614750683,3.4600078676050856,0
53.24083969394795,1687.2186492452352,6.650196529335269,1
48.40061470036573,2379.5775801513237,2.2680885775989315,1
53.772118750645205,1856.9978890599446,5.429426366341053,1
33.92516765438772,1924.9722064837367,5.346683328740816,1
47.24948302848356,2598.3157433228257,7.145956095532023,1
62.378163119734616,1671.5528605143022,5.138688674072501,0
44.88784323568815,2540.0240328573245,3.277824179652859,1
50.96995964992718,2028.3249624485536,5.879002461240453,0
35.87696298664709,2212.0829732009583,2.521483210293055,1
41.05392697780496,2447.5191570380575,3.90091945080893,0
54.296182191325855,1062.4137651771277,6.190058931671129,1
62.55756125573521,1209.4046489839334,6.8307805511203235,0
48.576205149787064,2750.6668259777434,6.6594648357583495,0
46.154444557701744,1733.6495801690444,6.836908887884828,0
42.09525544554688,2056.635205268882,6.409013079649446,1
36.71813951101569,2112.225909279986,4.9488513756160115,1
58.27183249036024,1859.662461566613,9.179077443389547,1
46.654987641590516,1388.029866618872,5.208711875046426,1
45.798131829041424,1950.7059338578692,6.902898554116173,1
65.0399298858269,1747.6125393858913,2.534953370462982,1
40.50601111168057,2255.6012997624903,4.852104868783215,0
44.477769557190285,2144.3468146399287,7.359450416721421,1
52.93072473298681,2821.0075800681843,2.4796704696548395,1
55.883172064845766,2253.995663456272,4.496922227911009,0
58.6960592010566,1677.0179104377323,3.7292752223487415,1
46.48486515958692,1735.4736613268526,4.5307588600851725,0
50.26091050210834,2580.9391513040955,6.116279029037012,1
53.142473325952736,1758.0570829728392,0.9922752711864931,0
44.33702270397228,1622.8620749903212,7.228643389337744,1
41.81779316766527,1964.7506109704543,5.915545732303771,1
45.15765927133749,1395.1794906543973,5.727263765249936,0
49.758749128899964,2658.79876780398,6.780495001673017,1
49.102643057127736,2277.8022330017243,7.4461661341906495,0
45.53485047932979,2052.68775307298,1.8037512962325049,0
53.015473423336125,2182.4805012331126,3.9735728670568298,1
51.09394794604893,2149.376454182843,3.5316524024430085,0
42.26210800896427,2061.335157997398,3.7905106709235747,0
56.25667347765006,2089.9470755767393,4.619921929997011,0
44.39818959803031,2496.0211747682615,3.003878745371174,0
57.003098794089915,2657.457226792024,6.245422447800538,1
44.550809131910505,913.6652269929818,5.999728247480743,0
57.43264094022715,2307.6837420065267,7.963326804925197,1
57.12998430172388,2593.839694230782,5.632311914365556,1
57.604146561442974,2203.5261435622674,5.399620867437427,0
40.22444755201449,2315.4058422773887,0.5613992545049298,0
49.963974609094315,2476.5625226880434,1.6902251275434077,1
42.801557916052914,2441.8299687433364,7.242061334648943,0
71.6325472330546,2071.4715473818533,7.514298433725146,0
54.73832920911788,3126.217902672154,4.364569806487532,0
44.44522880839745,2887.655446304756,6.666667823560614,0
41.841897150345616,2140.595711984688,4.848097952714954,0
39.87168879665576,1674.2909981927758,4.470970317378779,1
49.49761890550863,1903.1702703601409,6.094529594755934,0
53.43618289568462,2738.270174862948,4.344210566974164,0
43.18948342525119,529.8056826678599,4.862731907829063,1
37.19695601329106,2154.0252697520514,6.993141021158895,0
57.55391225825756,1939.1262458083581,5.655759048318715,1
37.48460575809556,1547.1338495686905,5.933341963932162,0
48.72082408519233,2361.1906789138857,3.7882783584822133,0
37.62184501173151,2478.3511583972922,3.0376689377206367,1
46.36387787786144,2354.7259085695196,3.815288088695893,1
52.237879516388986,1895.389063127736,3.6644408870622276,1
60.889505969673664,1935.089650133287,7.642608064546025,0
38.490064225776976,2019.0017390841,8.601022363021707,0
49.178488216074314,1702.169352978254,3.1021669583503257,0
36.198985417851084,2803.672788009996,6.652094342883013,1
53.520553965142966,2630.960750356996,6.554814705529022,0
56.90143991711113,2598.285750832246,3.7414732126144226,0
56.79597748934676,3105.2615007956756,7.015027379673844,0
30.403298761202244,1267.8125598950899,3.9820727485850025,1
64.40117215449473,2044.7903406276243,4.482291199260336,0
71.53182457511556,2735.585163746804,7.234797631804922,1
44.2418175935532,2222.3013341100705,4.581372360841277,1
68.00940432910815,1924.3633581732443,3.859297267172639,1
43.76859473575236,1676.8863450780984,3.903462410149846,0
34.433708264760966,2204.9093284642563,5.498617191283458,0
56.74819492166604,1059.0754772511805,1.9667149011584177,0
51.73180925851182,1203.5031332341655,5.379412335220791,1
64.20504247989855,2500.291159021489,7.435918304611117,0
43.87211309515614,2652.1701214390764,5.817214615403535,1
55.62969236690571,1998.312771294524,3.775526530984499,0
35.69224897881952,2566.885048433532,5.540114716782844,0
36.555494889657226,2354.1072116282785,1.5922568263465622,0
61.43754043206929,1594.8737814928095,8.517240968390267,1
49.59842049355657,1902.5458598236596,1.3587933989029657,0
61.58595579007404,1305.213766618202,5.99644349699357,0
56.45484181141075,1403.0374968004721,4.099974284008373,0
43.19975278421509,1680.5191261552488,5.041772976591924,0
44.83955271782626,1969.6695930926896,10.386067327960994,1
43.180157520022014,2354.151923600532,4.575582060197696,0
76.32382064837391,2686.829272581479,4.096681047680755,0
49.73486124550783,2108.7164365898616,4.674414187855412,0
50.64280019095463,2021.9057359895548,7.839206009027274,1
57.10959968203491,2141.643935773071,6.513577359973964,0
41.97722730778381,1930.2051859224132,7.250869568829539,0
67.55340842443204,2536.253668654901,7.339179984855547,1
50.67518481410109,2253.9178781448118,2.347055743377834,0
40.76766753889096,648.3838535003815,8.510951396630979,0
45.40639100459756,2088.2207776386126,2.3615056108024652,1
51.777010009332535,1296.841268164083,6.749034148265045,1
46.573124059196516,1804.120925478089,5.520884526667112,0
57.519330326867745,2525.327198003806,4.617944474799662,0
56.11676288840868,2130.3368829119536,4.3925479424466705,0
53.46448209496975,923.3049431981426,8.322940331456037,1
50.46980593764742,2359.4766553325335,4.456689779347894,0
39.29915233673847,1815.194831978183,2.7046172203686654,1
55.13785950912209,1668.549541224526,5.71122669757132,1
51.98084760767855,1496.7287173601794,5.343678679587063,0
53.82409746184051,2046.4224505705574,2.66444089746413,1
75.60084538268795,2037.7168194507965,6.790710861525199,0
45.30525614065048,2524.7763576596676,6.31849133686481,0
45.212513783365225,2254.362511614967,3.3338878859984824,0
52.08863595004755,1387.1171684988294,5.784831934357534,0
40.14273953664456,2120.376589744284,4.865643419901289,1
61.26565029547757,2162.8981582910833,8.038567847283538,1
60.32465260551147,2187.028284923786,4.975822104307891,1
56.10370265433465,1622.1274202535776,5.500400412503389,0
51.86766764477078,2487.5988148912147,5.482643869833562,0
66.76437312275283,1372.8552884153753,2.1028171707329117,0
63.454200461549775,1665.9279572305031,7.820918290407008,0
54.082527557144715,1990.2901970561336,6.125761720348709,1
55.07274031107298,2003.211134905469,0.7388670403855988,1
17.58732659930927,2269.3779962231847,7.471564383644308,0
56.54365656354058,1854.094365542228,6.303043982679012,0
53.072995208766095,1854.8627279056743,7.803197185892859,0
53.323140119795916,1678.2408848099285,7.035322933687005,0
52.504928503458764,1504.3038252718463,4.648291191135858,0
49.29834288541353,2159.5872552095902,4.087758345051624,1
46.64215300709872,2012.109728336379,8.61861269946622,1
61.087035805829075,1992.7738645608604,5.765977969481857,0
50.865897874729,1949.9229617600236,1.8280333755240834,1
55.839281853259635,1595.1982400391769,3.9475042869651578,1
66.87141635072564,1237.1718427149526,5.05077684108482,1
36.795433869157236,1279.9745587028528,3.343005950439508,1
37.63049289121918,1451.8624565523992,1.798192043046969,0
53.07801768892059,2256.552899088041,8.908314867500572,0
68.8115706944059,2248.349611618261,4.088920947952259,1
60.1437006501813,2855.3066862909627,6.707951953104447,1
48.556395880760576,2569.939280564523,6.106502439969567,0
42.81555778747564,1316.5606507922894,6.386957823827988,0
52.13979910734222,1574.73977289535,2.5246751553454043,0
37.85811387212268,1012.2667168230644,6.337483311185025,0
54.73237624573545,1508.7563032308453,2.15208569509971,0
35.98148937207719,1428.4975436347581,4.474218341583464,1
61.89016531107552,2459.577086805001,5.441082854027734,1
32.212797510957216,2161.5396365580145,6.794132393774264,1
51.84633858532304,2062.7882267357713,5.487906395817,1
55.69767280232204,2528.028404533026,7.271240294365889,0
51.53725105945528,2276.244977208574,5.038295554831504,1
64.96044311489183,1873.823248936856,7.549750082557445,1
46.1468640313824,1845.4417678987493,5.925182585707902,1
58.496020970210246,2419.245387225821,3.3834685567181473,1
34.05572341205633,1476.5445086590303,3.556524893325493,0
64.02794310936099,2319.3651110145925,4.961479240531211,0
54.824724152431855,1214.7496981884115,7.745696949353061,0
60.830512431752766,2061.148751516142,6.439515884296364,1
32.96617560644845,2245.487475819126,4.126471525523565,1
45.25054688839044,2017.0417341296131,3.2024319033537436,0
42.51513463443446,2463.9200640406184,5.542990621651296,1
35.51986099583756,1767.3447716099733,3.2215183435433516,0
42.96823574874112,1578.376702341904,6.640688025224912,0
36.40143859020081,1214.5619239657503,4.167611190229492,1
52.342147325365204,2180.751762603051,4.400323607450239,1
46.40707909212941,2212.030522232045,7.776675556416896,0
44.96524345883801,2164.3812051517402,6.436371451415869,1
50.73317967188404,2211.7995327967305,6.882621161534967,1
50.05243699718183,2592.8520773314985,3.906639830825469,1
55.5979044793104,2041.2198764672517,4.025594157610145,0
57.07751935455475,2021.801223186227,4.588281138239319,0
54.72597482413043,1191.844695781706,3.938058204376071,1
65.77453279763475,2250.4222374722285,6.515843699847239,1
50.81874139386323,3072.5745638866942,4.505948598508007,1
66.69021525289392,2706.110277707715,4.563908209215253,0
52.790215257703395,1728.6631001329893,8.697217666592824,0
40.241267470226674,1672.962158436288,4.068388861763674,1
52.22133771633713,2133.563325505742,4.838800501406478,1
51.94089992898308,1763.9547111514364,7.591743563726029,0
65.93186626639397,2936.6488881087726,5.819525591918994,1
49.66873027126203,2655.154373059804,4.937882134258196,0
44.24362173762226,2819.9822646856965,6.259059168443621,1
53.41755975777159,2650.8706446993992,4.539198571588465,0
58.406435489887244,2327.9503882648805,2.263369922334379,0
41.69049883588962,2738.765040527631,2.3550840865128597,1
35.69858622039367,1548.046179267605,5.639303651837954,0
60.654803750653514,1506.4102364244081,1.14465484130878,0
49.67305251905907,2586.7369287426627,7.7629081573809735,0
39.62753845673544,3030.751788318199,4.442074139336383,0
50.60230209941027,2435.033865344377,5.081838350791442,1
61.59329803364248,1762.5481716887377,4.511839052651597,0
50.45571839903814,1955.8589758243727,1.059792364576329,1
70.1020453876635,1794.5928560227076,7.457961004978124,0
37.55345296688583,2812.3392292347803,0.5888678858018617,0
29.266097675918505,1816.5877940926562,6.164053134169453,0
59.59270826085207,1193.2193010616293,6.00356547233509,0
54.254575617849646,1310.1909176055347,7.544707000213536,1
38.772779784377015,1725.6375461295193,7.953868852236549,1
43.483996523941826,3289.854668827159,6.785194676598619,1
60.807807255546216,1271.2242502675347,4.296157364366982,0
38.894241545341714,2608.579260412748,5.699300094599387,0
46.89733243406544,1847.3876478226662,3.765493626906154,0
47.69065469791322,2593.6930257823756,5.031236667899206,1
57.1161487808889,2664.097070924529,6.637555287509722,1
62.06508966508357,2280.4597239706195,4.425104961199289,1
66.96456368290038,1512.7353476646792,8.126826717664215,1
53.227185603380896,1260.5442156129357,1.44752953420336,0
54.43819428146229,1647.4940721207956,-0.20842771325426845,0
55.17659020469123,1536.323432904713,-0.059120155388606044,1
48.74213079900352,2640.5081808675563,6.395806545078055,1
48.419921014210104,1678.225083841269,5.394584531262413,1
65.86016816145352,2354.054338344295,7.388218806094745,1
58.723206367206785,1665.4636306700418,4.280462708421829,1
42.40867338446302,2371.0476860046533,5.065593990823173,1
45.280681342105666,1907.356170561146,3.701253923357148,1
64.4376460407326,1673.11683067559,8.04201245431876,1
60.31844539468635,1865.734676047084,8.665114086958404,0
34.84808937801448,1932.9914166635413,3.4280279347300353,1
35.92536225623445,2467.159955619637,3.2744484719137588,0
45.12874616235304,1773.3859753363624,3.3491789400420897,0
37.04921227936384,1466.2335428728636,5.795854099893618,0
58.77362290575671,2258.089143557479,5.186744748553302,0
65.65524029234341,2550.4798174992857,8.156236115124369,1
50.46436548156149,2223.858462905139,6.501158335043531,0
52.23884024279131,2574.222854598377,7.911644644293533,0
44.29253706250524,1664.6898954616777,3.9736072709732078,1
45.377247112949576,1243.1428036935863,2.9918908063159795,1
47.27276430252329,2214.153548603824,3.4304761837445934,1
52.89168643907818,2632.8539204323506,3.822266346522608,1
